1 1 2 1 1 1 77
1 1 2 2 1 1 117
1 1 2 3 1 1 92
1 1 2 4 1 1 82
1 1 3 1 1 1 71
1 1 3 2 1 1 82
1 1 3 3 1 1 62
1 1 4 1 1 1 79
1 1 4 2 1 1 67
1 1 7 1 1 1 116
1 1 7 2 1 1 76
1 1 9 1 1 1 68
1 1 9 2 1 1 62
1 1 9 3 1 1 61
1 1 10 1 1 1 61
1 1 10 2 1 1 73
1 1 10 3 1 1 81
1 1 10 4 1 1 71
1 1 11 1 1 1 93
1 1 11 2 1 1 71
1 1 11 3 1 1 63
1 1 11 4 1 1 71
1 1 11 5 1 1 71
1 1 12 1 1 1 149
1 1 12 2 1 1 101
1 1 12 3 1 1 44
1 1 12 4 1 1 46
1 1 13 1 1 1 62
1 1 13 2 1 1 71
1 1 13 3 1 1 81
1 1 13 4 1 1 81
1 1 14 1 1 1 66
1 1 14 2 1 1 50
1 1 14 3 1 1 61
1 1 14 4 1 1 61
1 1 15 1 1 1 71
1 1 16 1 1 1 75
1 1 16 2 1 1 67
1 1 19 1 1 1 61
1 1 19 2 1 1 51
1 1 19 3 1 1 49
1 1 19 4 1 1 55
1 1 19 5 1 1 46
1 1 20 1 1 1 59
1 1 20 2 1 1 51
1 1 20 3 1 1 51
1 1 20 4 1 1 53
1 1 21 1 1 1 42
1 1 21 2 1 1 59
1 1 21 3 1 1 62
1 1 21 4 1 1 72
1 1 21 5 1 1 82
1 1 22 1 1 1 41
1 1 22 2 1 1 37
1 1 22 3 1 1 38
1 1 22 4 1 1 41
1 1 22 5 1 1 43
1 1 25 1 1 1 41
1 1 25 2 1 1 35
1 1 25 3 1 1 32
1 1 25 4 1 1 47
1 1 25 5 1 1 31
1 1 26 1 1 1 33
1 1 26 2 1 1 39
1 1 26 3 1 1 51
1 1 26 4 1 1 45
1 1 26 5 1 1 39
1 1 26 6 1 1 38
1 1 27 1 1 1 51
1 1 27 2 1 1 44
1 1 27 3 1 1 43
1 1 27 4 1 1 67
1 2 2 1 1 2 105
1 2 2 2 1 2 85
1 2 2 3 1 2 103
1 2 3 1 1 2 60
1 2 3 2 1 2 75
1 2 3 3 1 2 78
1 2 3 4 1 2 66
1 2 4 1 1 2 71
1 2 4 2 1 2 93
1 2 4 3 1 2 61
1 2 7 1 1 2 66
1 2 7 2 1 2 58
1 2 7 3 1 2 68
1 2 8 1 1 2 47
1 2 8 2 1 2 47
1 2 8 3 1 2 43
1 2 9 1 1 2 62
1 2 10 1 1 2 66
1 2 10 2 1 2 81
1 2 10 3 1 2 61
1 2 10 4 1 2 51
1 2 11 1 1 2 81
1 2 11 2 1 2 81
1 2 11 3 1 2 71
1 2 11 4 1 2 61
1 2 12 1 1 2 67
1 2 12 2 1 2 58
1 2 12 3 1 2 66
1 2 12 4 1 2 59
1 2 13 1 1 2 66
1 2 13 2 1 2 79
1 2 13 3 1 2 96
1 2 13 4 1 2 67
1 2 14 1 1 2 48
1 2 16 1 1 2 81
1 2 16 2 1 2 60
1 2 16 3 1 2 66
1 2 16 4 1 2 71
1 2 16 5 1 2 71
1 2 19 1 1 2 56
1 2 19 2 1 2 60
1 2 20 1 1 2 81
1 2 20 2 1 2 56
1 2 20 3 1 2 51
1 2 21 1 1 2 66
1 2 21 2 1 2 59
1 2 21 3 1 2 79
1 2 21 4 1 2 66
1 2 21 5 1 2 82
1 2 22 1 1 2 38
1 2 22 2 1 2 48
1 2 22 3 1 2 43
1 2 22 4 1 2 45
1 2 22 5 1 2 47
1 2 25 1 1 2 41
1 2 25 2 1 2 35
1 2 25 3 1 2 46
1 2 25 4 1 2 32
1 2 25 5 1 2 41
1 2 26 1 1 2 41
1 2 26 2 1 2 33
1 2 26 3 1 2 38
1 2 26 4 1 2 36
1 2 26 5 1 2 37
1 2 27 1 1 2 28
1 2 27 2 1 2 57
1 2 27 3 1 2 62
1 2 27 4 1 2 56
1 2 27 5 1 2 49
1 2 27 6 1 2 62
2 1 2 1 2 3 81
2 1 2 2 2 3 39
2 1 2 3 2 3 59
2 1 2 4 2 3 33
2 1 2 5 2 3 59
2 1 4 1 2 3 60
2 1 4 2 2 3 44
2 1 4 3 2 3 53
2 1 8 1 2 3 31
2 1 9 1 2 3 38
2 1 10 1 2 3 41
2 1 10 2 2 3 37
2 1 10 3 2 3 41
2 1 10 4 2 3 41
2 1 10 5 2 3 46
2 1 11 1 2 3 61
2 1 11 2 2 3 41
2 1 11 3 2 3 45
2 1 11 4 2 3 41
2 1 12 1 2 3 41
2 1 13 1 2 3 36
2 1 13 2 2 3 37
2 1 13 3 2 3 43
2 1 13 4 2 3 36
2 1 13 5 2 3 50
2 1 15 1 2 3 67
2 1 16 1 2 3 79
2 1 16 2 2 3 51
2 1 16 3 2 3 40
2 1 16 4 2 3 44
2 1 16 5 2 3 43
2 1 19 1 2 3 37
2 1 19 2 2 3 42
2 1 19 3 2 3 40
2 1 19 4 2 3 29
2 1 19 5 2 3 33
2 1 20 1 2 3 61
2 1 20 2 2 3 31
2 1 20 3 2 3 34
2 1 20 4 2 3 33
2 1 20 5 2 3 37
2 1 21 1 2 3 34
2 1 21 2 2 3 34
2 1 21 3 2 3 29
2 1 21 4 2 3 33
2 1 21 5 2 3 29
2 1 22 1 2 3 32
2 1 22 2 2 3 32
2 1 22 3 2 3 25
2 1 22 4 2 3 28
2 1 22 5 2 3 35
2 1 25 1 2 3 25
2 1 25 2 2 3 34
2 1 25 3 2 3 28
2 1 25 4 2 3 32
2 1 25 5 2 3 42
2 1 26 1 2 3 31
2 1 26 2 2 3 30
2 1 26 3 2 3 25
2 1 26 4 2 3 22
2 1 26 5 2 3 31
2 1 27 1 2 3 28
2 1 27 2 2 3 23
2 1 27 3 2 3 33
2 1 27 4 2 3 33
2 1 27 5 2 3 47
2 1 27 6 2 3 53
2 2 2 1 2 4 26
2 2 2 2 2 4 38
2 2 2 3 2 4 57
2 2 3 1 2 4 51
2 2 3 2 2 4 41
2 2 4 1 2 4 81
2 2 4 2 2 4 58
2 2 4 3 2 4 55
2 2 7 1 2 4 46
2 2 7 2 2 4 41
2 2 9 1 2 4 39
2 2 9 2 2 4 45
2 2 10 1 2 4 47
2 2 10 2 2 4 36
2 2 10 3 2 4 38
2 2 11 1 2 4 48
2 2 11 2 2 4 51
2 2 11 3 2 4 51
2 2 11 4 2 4 46
2 2 12 1 2 4 33
2 2 12 2 2 4 39
2 2 12 3 2 4 35
2 2 12 4 2 4 61
2 2 12 5 2 4 37
2 2 12 6 2 4 42
2 2 13 1 2 4 20
2 2 13 2 2 4 50
2 2 13 3 2 4 37
2 2 14 1 2 4 36
2 2 14 2 2 4 34
2 2 14 3 2 4 57
2 2 14 4 2 4 35
2 2 15 1 2 4 33
2 2 15 2 2 4 22
2 2 15 3 2 4 31
2 2 16 1 2 4 39
2 2 16 2 2 4 41
2 2 16 3 2 4 46
2 2 19 1 2 4 46
2 2 19 2 2 4 51
2 2 19 3 2 4 42
2 2 19 4 2 4 44
2 2 19 5 2 4 36
2 2 20 1 2 4 41
2 2 20 2 2 4 52
2 2 20 3 2 4 31
2 2 21 1 2 4 18
2 2 21 2 2 4 22
2 2 21 3 2 4 37
2 2 21 4 2 4 47
2 2 21 5 2 4 31
2 2 22 1 2 4 44
2 2 22 2 2 4 27
2 2 22 3 2 4 26
2 2 22 4 2 4 33
2 2 22 5 2 4 21
2 2 25 1 2 4 57
2 2 25 2 2 4 43
2 2 25 3 2 4 31
2 2 25 4 2 4 29
2 2 25 5 2 4 26
2 2 26 1 2 4 16
2 2 26 2 2 4 31
2 2 26 3 2 4 29
2 2 26 4 2 4 33
2 2 26 5 2 4 29
2 2 27 1 2 4 31
2 2 27 2 2 4 28
2 2 27 3 2 4 26
2 2 27 4 2 4 53
2 2 27 5 2 4 39
2 2 27 6 2 4 43
3 1 2 1 3 5 52
3 1 2 2 3 5 52
3 1 2 3 3 5 34
3 1 2 4 3 5 28
3 1 2 5 3 5 35
3 1 3 1 3 5 49
3 1 3 2 3 5 34
3 1 3 3 3 5 36
3 1 4 1 3 5 15
3 1 4 2 3 5 23
3 1 4 3 3 5 20
3 1 4 4 3 5 23
3 1 7 1 3 5 21
3 1 7 2 3 5 27
3 1 7 3 3 5 21
3 1 8 1 3 5 38
3 1 9 1 3 5 21
3 1 9 2 3 5 21
3 1 10 1 3 5 31
3 1 10 2 3 5 26
3 1 10 3 3 5 31
3 1 10 4 3 5 32
3 1 11 1 3 5 31
3 1 11 2 3 5 21
3 1 11 3 3 5 21
3 1 11 4 3 5 23
3 1 12 1 3 5 15
3 1 12 2 3 5 19
3 1 12 3 3 5 48
3 1 13 1 3 5 19
3 1 13 2 3 5 31
3 1 13 3 3 5 36
3 1 13 4 3 5 36
3 1 13 5 3 5 36
3 1 14 1 3 5 18
3 1 15 1 3 5 18
3 1 15 2 3 5 18
3 1 16 1 3 5 36
3 1 19 1 3 5 31
3 1 19 2 3 5 19
3 1 19 3 3 5 20
3 1 19 4 3 5 23
3 1 19 5 3 5 22
3 1 20 1 3 5 18
3 1 20 2 3 5 16
3 1 20 3 3 5 18
3 1 20 4 3 5 30
3 1 21 1 3 5 37
3 1 21 2 3 5 30
3 1 21 3 3 5 34
3 1 21 4 3 5 43
3 1 21 5 3 5 44
3 1 22 1 3 5 30
3 1 22 2 3 5 33
3 1 22 3 3 5 38
3 1 22 4 3 5 28
3 1 22 5 3 5 33
3 1 25 1 3 5 27
3 1 25 2 3 5 23
3 1 25 3 3 5 27
3 1 25 4 3 5 27
3 1 25 5 3 5 31
3 1 26 1 3 5 33
3 1 26 2 3 5 21
3 1 26 3 3 5 29
3 1 26 4 3 5 30
3 1 26 5 3 5 31
3 1 27 1 3 5 29
3 1 27 2 3 5 26
3 1 27 3 3 5 29
3 1 27 4 3 5 22
3 1 27 5 3 5 31
3 1 27 6 3 5 47
3 2 2 1 3 6 56
3 2 2 2 3 6 56
3 2 2 3 3 6 47
3 2 2 4 3 6 44
3 2 3 1 3 6 31
3 2 4 1 3 6 23
3 2 4 2 3 6 22
3 2 7 1 3 6 25
3 2 7 2 3 6 18
3 2 8 1 3 6 30
3 2 8 2 3 6 31
3 2 10 1 3 6 23
3 2 10 2 3 6 26
3 2 10 3 3 6 29
3 2 10 4 3 6 31
3 2 10 5 3 6 31
3 2 11 1 3 6 31
3 2 11 2 3 6 51
3 2 11 3 3 6 26
3 2 11 4 3 6 28
3 2 11 5 3 6 24
3 2 12 1 3 6 26
3 2 12 2 3 6 19
3 2 13 1 3 6 33
3 2 13 2 3 6 25
3 2 13 3 3 6 34
3 2 13 4 3 6 32
3 2 13 5 3 6 24
3 2 14 1 3 6 21
3 2 14 2 3 6 18
3 2 14 3 3 6 21
3 2 14 4 3 6 17
3 2 15 1 3 6 25
3 2 15 2 3 6 16
3 2 15 3 3 6 18
3 2 16 1 3 6 23
3 2 16 2 3 6 25
3 2 19 1 3 6 21
3 2 19 2 3 6 26
3 2 19 3 3 6 21
3 2 19 4 3 6 23
3 2 19 5 3 6 30
3 2 20 1 3 6 21
3 2 20 2 3 6 21
3 2 20 3 3 6 23
3 2 20 4 3 6 21
3 2 21 1 3 6 52
3 2 21 2 3 6 46
3 2 21 3 3 6 32
3 2 21 4 3 6 39
3 2 21 5 3 6 34
3 2 22 1 3 6 36
3 2 22 2 3 6 19
3 2 22 3 3 6 39
3 2 22 4 3 6 25
3 2 22 5 3 6 24
3 2 25 1 3 6 20
3 2 25 2 3 6 19
3 2 25 3 3 6 31
3 2 25 4 3 6 24
3 2 25 5 3 6 27
3 2 26 1 3 6 20
3 2 26 2 3 6 24
3 2 26 3 3 6 38
3 2 26 4 3 6 28
3 2 26 5 3 6 29
3 2 27 1 3 6 38
3 2 27 2 3 6 33
3 2 27 3 3 6 37
3 2 27 4 3 6 31
3 2 27 5 3 6 35
3 2 27 6 3 6 30
4 1 2 1 4 7 64
4 1 2 2 4 7 48
4 1 2 3 4 7 68
4 1 2 4 4 7 44
4 1 3 1 4 7 25
4 1 3 2 4 7 29
4 1 4 1 4 7 24
4 1 4 2 4 7 21
4 1 4 3 4 7 16
4 1 7 1 4 7 29
4 1 7 2 4 7 18
4 1 8 1 4 7 31
4 1 9 1 4 7 14
4 1 9 2 4 7 21
4 1 9 3 4 7 22
4 1 9 4 4 7 23
4 1 9 5 4 7 21
4 1 10 1 4 7 37
4 1 10 2 4 7 34
4 1 10 3 4 7 30
4 1 10 4 4 7 21
4 1 11 1 4 7 31
4 1 11 2 4 7 19
4 1 11 3 4 7 21
4 1 12 1 4 7 31
4 1 12 2 4 7 13
4 1 12 3 4 7 26
4 1 13 1 4 7 28
4 1 13 2 4 7 41
4 1 13 3 4 7 40
4 1 13 4 4 7 31
4 1 14 1 4 7 13
4 1 14 2 4 7 18
4 1 15 1 4 7 12
4 1 15 2 4 7 13
4 1 16 1 4 7 26
4 1 16 2 4 7 14
4 1 16 3 4 7 18
4 1 19 1 4 7 21
4 1 19 2 4 7 21
4 1 19 3 4 7 19
4 1 19 4 4 7 16
4 1 19 5 4 7 15
4 1 20 1 4 7 27
4 1 20 2 4 7 18
4 1 20 3 4 7 16
4 1 20 4 4 7 13
4 1 21 1 4 7 28
4 1 21 2 4 7 42
4 1 21 3 4 7 39
4 1 21 4 4 7 48
4 1 21 5 4 7 54
4 1 22 1 4 7 37
4 1 22 2 4 7 33
4 1 22 3 4 7 47
4 1 22 4 4 7 38
4 1 22 5 4 7 49
4 1 25 1 4 7 30
4 1 25 2 4 7 29
4 1 25 3 4 7 32
4 1 25 4 4 7 35
4 1 25 5 4 7 31
4 1 26 1 4 7 37
4 1 26 2 4 7 35
4 1 26 3 4 7 36
4 1 26 4 4 7 47
4 1 26 5 4 7 45
4 1 27 1 4 7 75
4 1 27 2 4 7 43
4 1 27 3 4 7 32
4 1 27 4 4 7 33
4 1 27 5 4 7 25
4 1 27 6 4 7 42
4 2 2 1 4 8 45
4 2 2 2 4 8 40
4 2 2 3 4 8 39
4 2 2 4 4 8 31
4 2 2 5 4 8 35
4 2 3 1 4 8 34
4 2 3 2 4 8 23
4 2 3 3 4 8 31
4 2 4 1 4 8 16
4 2 4 2 4 8 23
4 2 4 3 4 8 27
4 2 4 4 4 8 20
4 2 7 1 4 8 26
4 2 7 2 4 8 26
4 2 7 3 4 8 22
4 2 9 1 4 8 20
4 2 9 2 4 8 19
4 2 10 1 4 8 21
4 2 10 2 4 8 26
4 2 10 3 4 8 46
4 2 10 4 4 8 26
4 2 10 5 4 8 13
4 2 11 1 4 8 22
4 2 11 2 4 8 36
4 2 11 3 4 8 35
4 2 11 4 4 8 21
4 2 12 1 4 8 26
4 2 12 2 4 8 22
4 2 13 1 4 8 33
4 2 13 2 4 8 36
4 2 13 3 4 8 30
4 2 13 4 4 8 31
4 2 14 1 4 8 23
4 2 14 2 4 8 18
4 2 14 3 4 8 21
4 2 14 4 4 8 29
4 2 15 1 4 8 21
4 2 15 2 4 8 23
4 2 16 1 4 8 28
4 2 16 2 4 8 33
4 2 16 3 4 8 24
4 2 16 4 4 8 22
4 2 19 1 4 8 18
4 2 19 2 4 8 21
4 2 19 3 4 8 27
4 2 19 4 4 8 21
4 2 19 5 4 8 14
4 2 20 1 4 8 17
4 2 20 2 4 8 31
4 2 20 3 4 8 11
4 2 21 1 4 8 31
4 2 21 2 4 8 30
4 2 21 3 4 8 25
4 2 21 4 4 8 42
4 2 21 5 4 8 39
4 2 22 1 4 8 31
4 2 22 2 4 8 35
4 2 22 3 4 8 38
4 2 22 4 4 8 23
4 2 22 5 4 8 29
4 2 25 1 4 8 27
4 2 25 2 4 8 23
4 2 25 3 4 8 31
4 2 25 4 4 8 39
4 2 25 5 4 8 29
4 2 26 1 4 8 24
4 2 26 2 4 8 41
4 2 26 3 4 8 38
4 2 26 4 4 8 28
4 2 26 5 4 8 39
4 2 27 1 4 8 36
4 2 27 2 4 8 39
4 2 27 3 4 8 33
4 2 27 4 4 8 38
4 2 27 5 4 8 30
4 2 27 6 4 8 34
5 1 2 1 5 9 136
5 1 2 2 5 9 118
5 1 2 3 5 9 132
5 1 3 1 5 9 101
5 1 3 2 5 9 106
5 1 3 3 5 9 60
5 1 4 1 5 9 89
5 1 4 2 5 9 107
5 1 4 3 5 9 101
5 1 7 1 5 9 71
5 1 7 2 5 9 68
5 1 9 1 5 9 89
5 1 9 2 5 9 69
5 1 10 1 5 9 78
5 1 10 2 5 9 62
5 1 10 3 5 9 71
5 1 10 4 5 9 71
5 1 10 5 5 9 66
5 1 11 1 5 9 71
5 1 11 2 5 9 47
5 1 11 3 5 9 76
5 1 11 4 5 9 66
5 1 11 5 5 9 75
5 1 12 1 5 9 66
5 1 12 2 5 9 61
5 1 12 3 5 9 151
5 1 12 4 5 9 73
5 1 12 5 5 9 62
5 1 13 1 5 9 68
5 1 13 2 5 9 81
5 1 13 3 5 9 64
5 1 13 4 5 9 70
5 1 14 1 5 9 66
5 1 15 1 5 9 56
5 1 15 2 5 9 71
5 1 16 1 5 9 81
5 1 16 2 5 9 113
5 1 19 1 5 9 121
5 1 19 2 5 9 81
5 1 19 3 5 9 74
5 1 19 4 5 9 81
5 1 19 5 5 9 59
5 1 20 1 5 9 61
5 1 20 2 5 9 51
5 1 20 3 5 9 48
5 1 21 1 5 9 71
5 1 21 2 5 9 58
5 1 21 3 5 9 55
5 1 21 4 5 9 63
5 1 21 5 5 9 69
5 1 22 1 5 9 33
5 1 22 2 5 9 28
5 1 22 3 5 9 44
5 1 22 4 5 9 42
5 1 22 5 5 9 46
5 1 25 1 5 9 30
5 1 25 2 5 9 29
5 1 25 3 5 9 35
5 1 25 4 5 9 39
5 1 25 5 5 9 43
5 1 26 1 5 9 42
5 1 26 2 5 9 43
5 1 26 3 5 9 38
5 1 26 4 5 9 47
5 1 26 5 5 9 44
5 1 27 1 5 9 50
5 1 27 2 5 9 44
5 1 27 3 5 9 37
5 1 27 4 5 9 40
5 1 27 5 5 9 41
5 1 27 6 5 9 47
5 2 2 1 5 10 122
5 2 2 2 5 10 132
5 2 2 3 5 10 147
5 2 2 4 5 10 90
5 2 3 1 5 10 65
5 2 3 2 5 10 82
5 2 4 1 5 10 78
5 2 4 2 5 10 88
5 2 7 1 5 10 49
5 2 7 2 5 10 69
5 2 7 3 5 10 71
5 2 7 4 5 10 20
5 2 8 1 5 10 81
5 2 9 1 5 10 65
5 2 9 2 5 10 92
5 2 10 1 5 10 57
5 2 10 2 5 10 87
5 2 10 3 5 10 76
5 2 10 4 5 10 71
5 2 11 1 5 10 37
5 2 11 2 5 10 71
5 2 11 3 5 10 71
5 2 11 4 5 10 77
5 2 12 1 5 10 88
5 2 12 2 5 10 78
5 2 13 1 5 10 85
5 2 13 2 5 10 101
5 2 13 3 5 10 96
5 2 13 4 5 10 87
5 2 14 1 5 10 65
5 2 14 2 5 10 67
5 2 15 1 5 10 91
5 2 15 2 5 10 81
5 2 15 3 5 10 106
5 2 16 1 5 10 136
5 2 16 2 5 10 84
5 2 16 3 5 10 109
5 2 16 4 5 10 101
5 2 16 5 5 10 82
5 2 16 6 5 10 131
5 2 19 1 5 10 71
5 2 19 2 5 10 66
5 2 19 3 5 10 71
5 2 19 4 5 10 62
5 2 19 5 5 10 69
5 2 20 1 5 10 75
5 2 20 2 5 10 65
5 2 20 3 5 10 55
5 2 20 4 5 10 70
5 2 21 1 5 10 49
5 2 21 2 5 10 47
5 2 21 3 5 10 42
5 2 21 4 5 10 53
5 2 21 5 5 10 72
5 2 22 1 5 10 56
5 2 22 2 5 10 38
5 2 22 3 5 10 38
5 2 22 4 5 10 53
5 2 22 5 5 10 48
5 2 25 1 5 10 34
5 2 25 2 5 10 39
5 2 25 3 5 10 41
5 2 25 4 5 10 29
5 2 25 5 5 10 28
5 2 26 1 5 10 35
5 2 26 2 5 10 32
5 2 26 3 5 10 34
5 2 26 4 5 10 43
5 2 26 5 5 10 38
5 2 27 1 5 10 32
5 2 27 2 5 10 34
5 2 27 3 5 10 41
5 2 27 4 5 10 31
5 2 27 5 5 10 32
6 1 2 1 6 11 149
6 1 2 2 6 11 102
6 1 2 3 6 11 104
6 1 2 4 6 11 149
6 1 3 1 6 11 91
6 1 3 2 6 11 85
6 1 4 1 6 11 139
6 1 7 1 6 11 91
6 1 7 2 6 11 121
6 1 9 1 6 11 103
6 1 9 2 6 11 72
6 1 10 1 6 11 120
6 1 10 2 6 11 69
6 1 11 1 6 11 71
6 1 11 2 6 11 81
6 1 11 3 6 11 71
6 1 11 4 6 11 76
6 1 12 1 6 11 171
6 1 12 2 6 11 81
6 1 12 3 6 11 58
6 1 13 1 6 11 107
6 1 13 2 6 11 74
6 1 13 3 6 11 70
6 1 13 4 6 11 77
6 1 13 5 6 11 123
6 1 14 1 6 11 90
6 1 14 2 6 11 62
6 1 14 3 6 11 86
6 1 15 1 6 11 96
6 1 15 2 6 11 81
6 1 15 3 6 11 98
6 1 16 1 6 11 101
6 1 16 2 6 11 100
6 1 16 3 6 11 90
6 1 16 4 6 11 97
6 1 19 1 6 11 62
6 1 19 2 6 11 77
6 1 19 3 6 11 61
6 1 19 4 6 11 72
6 1 19 5 6 11 61
6 1 20 1 6 11 96
6 1 20 2 6 11 81
6 1 20 3 6 11 47
6 1 21 1 6 11 73
6 1 21 2 6 11 50
6 1 21 3 6 11 67
6 1 21 4 6 11 54
6 1 21 5 6 11 57
6 1 22 1 6 11 42
6 1 22 2 6 11 38
6 1 22 3 6 11 39
6 1 22 4 6 11 38
6 1 22 5 6 11 52
6 1 25 1 6 11 57
6 1 25 2 6 11 46
6 1 25 3 6 11 50
6 1 25 4 6 11 49
6 1 25 5 6 11 45
6 1 26 1 6 11 37
6 1 26 2 6 11 38
6 1 26 3 6 11 40
6 1 26 4 6 11 34
6 1 26 5 6 11 43
6 1 27 1 6 11 33
6 1 27 2 6 11 49
6 1 27 3 6 11 34
6 1 27 4 6 11 34
6 1 27 5 6 11 36
6 2 2 1 6 12 142
6 2 2 2 6 12 147
6 2 2 3 6 12 116
6 2 3 1 6 12 76
6 2 3 2 6 12 71
6 2 4 1 6 12 95
6 2 4 2 6 12 94
6 2 4 3 6 12 85
6 2 4 4 6 12 71
6 2 7 1 6 12 71
6 2 8 1 6 12 81
6 2 8 2 6 12 77
6 2 8 3 6 12 84
6 2 9 1 6 12 119
6 2 9 2 6 12 69
6 2 10 1 6 12 88
6 2 10 2 6 12 71
6 2 10 3 6 12 82
6 2 11 1 6 12 81
6 2 11 2 6 12 96
6 2 11 3 6 12 77
6 2 11 4 6 12 81
6 2 12 1 6 12 92
6 2 12 2 6 12 139
6 2 12 3 6 12 81
6 2 12 4 6 12 76
6 2 13 1 6 12 83
6 2 13 2 6 12 65
6 2 13 3 6 12 73
6 2 13 4 6 12 96
6 2 14 1 6 12 76
6 2 14 2 6 12 76
6 2 14 3 6 12 96
6 2 14 4 6 12 59
6 2 15 1 6 12 102
6 2 15 2 6 12 101
6 2 15 3 6 12 84
6 2 16 1 6 12 127
6 2 16 2 6 12 101
6 2 16 3 6 12 96
6 2 16 4 6 12 93
6 2 19 1 6 12 88
6 2 19 2 6 12 106
6 2 19 3 6 12 86
6 2 19 4 6 12 71
6 2 19 5 6 12 62
6 2 20 1 6 12 61
6 2 20 2 6 12 61
6 2 20 3 6 12 54
6 2 21 1 6 12 62
6 2 21 2 6 12 42
6 2 21 3 6 12 59
6 2 21 4 6 12 56
6 2 21 5 6 12 45
6 2 22 1 6 12 55
6 2 22 2 6 12 42
6 2 22 3 6 12 41
6 2 22 4 6 12 35
6 2 22 5 6 12 43
6 2 25 1 6 12 36
6 2 25 2 6 12 39
6 2 25 3 6 12 30
6 2 25 4 6 12 45
6 2 25 5 6 12 63
6 2 26 1 6 12 35
6 2 26 2 6 12 31
6 2 26 3 6 12 32
6 2 26 4 6 12 37
6 2 26 5 6 12 30
6 2 27 1 6 12 36
6 2 27 2 6 12 38
6 2 27 3 6 12 44
6 2 27 4 6 12 41
6 2 27 5 6 12 47
7 1 2 1 7 13 99
7 1 2 2 7 13 73
7 1 2 3 7 13 71
7 1 2 4 7 13 89
7 1 3 1 7 13 73
7 1 3 2 7 13 71
7 1 3 3 7 13 68
7 1 4 1 7 13 153
7 1 4 2 7 13 101
7 1 4 3 7 13 98
7 1 7 1 7 13 71
7 1 9 1 7 13 71
7 1 9 2 7 13 63
7 1 9 3 7 13 66
7 1 10 1 7 13 71
7 1 10 2 7 13 64
7 1 10 3 7 13 88
7 1 10 4 7 13 64
7 1 11 1 7 13 79
7 1 11 2 7 13 91
7 1 11 3 7 13 71
7 1 12 1 7 13 75
7 1 13 1 7 13 76
7 1 13 2 7 13 76
7 1 13 3 7 13 80
7 1 13 4 7 13 72
7 1 14 1 7 13 68
7 1 14 2 7 13 71
7 1 15 1 7 13 63
7 1 15 2 7 13 78
7 1 16 1 7 13 102
7 1 16 2 7 13 101
7 1 19 1 7 13 71
7 1 19 2 7 13 75
7 1 19 3 7 13 76
7 1 19 4 7 13 96
7 1 19 5 7 13 64
7 1 20 1 7 13 82
7 1 20 2 7 13 56
7 1 20 3 7 13 52
7 1 20 4 7 13 41
7 1 20 5 7 13 53
7 1 21 1 7 13 41
7 1 21 2 7 13 46
7 1 21 3 7 13 49
7 1 21 4 7 13 38
7 1 21 5 7 13 52
7 1 22 1 7 13 38
7 1 22 2 7 13 32
7 1 22 3 7 13 33
7 1 22 4 7 13 65
7 1 22 5 7 13 39
7 1 25 1 7 13 32
7 1 25 2 7 13 26
7 1 25 3 7 13 26
7 1 25 4 7 13 25
7 1 25 5 7 13 26
7 1 26 1 7 13 41
7 1 26 2 7 13 30
7 1 26 3 7 13 40
7 1 26 4 7 13 30
7 1 26 5 7 13 37
7 1 27 1 7 13 36
7 1 27 2 7 13 30
7 1 27 3 7 13 32
7 1 27 4 7 13 34
7 1 27 5 7 13 51
7 2 2 1 7 14 88
7 2 2 2 7 14 98
7 2 2 3 7 14 92
7 2 2 4 7 14 68
7 2 4 1 7 14 24
7 2 4 2 7 14 67
7 2 4 3 7 14 76
7 2 4 4 7 14 86
7 2 7 1 7 14 52
7 2 7 2 7 14 40
7 2 7 3 7 14 51
7 2 7 4 7 14 59
7 2 9 1 7 14 51
7 2 9 2 7 14 71
7 2 9 3 7 14 85
7 2 10 1 7 14 59
7 2 10 2 7 14 58
7 2 11 1 7 14 97
7 2 11 2 7 14 81
7 2 12 1 7 14 53
7 2 12 2 7 14 81
7 2 12 3 7 14 101
7 2 12 4 7 14 91
7 2 13 1 7 14 81
7 2 13 2 7 14 73
7 2 13 3 7 14 68
7 2 13 4 7 14 101
7 2 13 5 7 14 81
7 2 14 1 7 14 61
7 2 14 2 7 14 51
7 2 14 3 7 14 57
7 2 15 1 7 14 86
7 2 15 2 7 14 78
7 2 16 1 7 14 104
7 2 16 2 7 14 81
7 2 16 3 7 14 59
7 2 16 4 7 14 66
7 2 19 1 7 14 62
7 2 19 2 7 14 71
7 2 19 3 7 14 63
7 2 19 4 7 14 61
7 2 20 1 7 14 47
7 2 20 2 7 14 61
7 2 20 3 7 14 51
7 2 20 4 7 14 56
7 2 20 5 7 14 55
7 2 21 1 7 14 41
7 2 21 2 7 14 42
7 2 21 3 7 14 59
7 2 21 4 7 14 72
7 2 21 5 7 14 67
7 2 22 1 7 14 30
7 2 22 2 7 14 19
7 2 22 3 7 14 37
7 2 22 4 7 14 33
7 2 22 5 7 14 34
7 2 25 1 7 14 26
7 2 25 2 7 14 25
7 2 25 3 7 14 24
7 2 25 4 7 14 26
7 2 25 5 7 14 23
7 2 26 1 7 14 23
7 2 26 2 7 14 26
7 2 26 3 7 14 26
7 2 26 4 7 14 32
7 2 26 5 7 14 35
7 2 27 1 7 14 28
7 2 27 2 7 14 34
7 2 27 3 7 14 33
7 2 27 4 7 14 36
7 2 27 5 7 14 39
8 1 2 1 8 15 76
8 1 2 2 8 15 83
8 1 2 3 8 15 97
8 1 3 1 8 15 71
8 1 3 2 8 15 79
8 1 3 3 8 15 63
8 1 3 4 8 15 86
8 1 4 1 8 15 82
8 1 4 2 8 15 81
8 1 4 3 8 15 75
8 1 4 4 8 15 112
8 1 7 1 8 15 48
8 1 7 2 8 15 71
8 1 7 3 8 15 49
8 1 7 4 8 15 57
8 1 8 1 8 15 39
8 1 9 1 8 15 51
8 1 9 2 8 15 64
8 1 9 3 8 15 70
8 1 9 4 8 15 71
8 1 10 1 8 15 63
8 1 10 2 8 15 69
8 1 10 3 8 15 71
8 1 10 4 8 15 61
8 1 11 1 8 15 65
8 1 11 2 8 15 71
8 1 11 3 8 15 63
8 1 11 4 8 15 52
8 1 12 1 8 15 91
8 1 12 2 8 15 81
8 1 12 3 8 15 72
8 1 12 4 8 15 84
8 1 13 1 8 15 73
8 1 13 2 8 15 68
8 1 13 3 8 15 68
8 1 13 4 8 15 65
8 1 13 5 8 15 75
8 1 14 1 8 15 58
8 1 14 2 8 15 68
8 1 14 3 8 15 51
8 1 15 1 8 15 77
8 1 15 2 8 15 91
8 1 15 3 8 15 53
8 1 15 4 8 15 68
8 1 16 1 8 15 73
8 1 16 2 8 15 76
8 1 16 3 8 15 81
8 1 19 1 8 15 68
8 1 19 2 8 15 57
8 1 19 3 8 15 61
8 1 19 4 8 15 56
8 1 19 5 8 15 51
8 1 20 1 8 15 61
8 1 20 2 8 15 51
8 1 20 3 8 15 62
8 1 21 1 8 15 48
8 1 21 2 8 15 42
8 1 21 3 8 15 54
8 1 21 4 8 15 61
8 1 21 5 8 15 56
8 1 22 1 8 15 18
8 1 22 2 8 15 31
8 1 22 3 8 15 33
8 1 22 4 8 15 34
8 1 22 5 8 15 28
8 1 25 1 8 15 33
8 1 25 2 8 15 37
8 1 25 3 8 15 27
8 1 25 4 8 15 23
8 1 25 5 8 15 27
8 1 26 1 8 15 27
8 1 26 2 8 15 29
8 1 26 3 8 15 33
8 1 26 4 8 15 31
8 2 2 1 8 16 84
8 2 2 2 8 16 101
8 2 2 3 8 16 70
8 2 2 4 8 16 70
8 2 3 1 8 16 89
8 2 3 2 8 16 89
8 2 3 3 8 16 58
8 2 4 1 8 16 88
8 2 4 2 8 16 88
8 2 4 3 8 16 78
8 2 4 4 8 16 75
8 2 7 1 8 16 56
8 2 7 2 8 16 57
8 2 7 3 8 16 61
8 2 7 4 8 16 59
8 2 8 1 8 16 49
8 2 9 1 8 16 42
8 2 9 2 8 16 56
8 2 9 3 8 16 46
8 2 9 4 8 16 57
8 2 10 1 8 16 76
8 2 10 2 8 16 48
8 2 11 1 8 16 66
8 2 11 2 8 16 61
8 2 11 3 8 16 76
8 2 11 4 8 16 62
8 2 11 5 8 16 66
8 2 12 1 8 16 51
8 2 12 2 8 16 73
8 2 13 1 8 16 64
8 2 13 2 8 16 71
8 2 13 3 8 16 61
8 2 13 4 8 16 66
8 2 14 1 8 16 54
8 2 15 1 8 16 76
8 2 15 2 8 16 61
8 2 15 3 8 16 86
8 2 16 1 8 16 86
8 2 16 2 8 16 76
8 2 16 3 8 16 71
8 2 19 1 8 16 57
8 2 19 2 8 16 48
8 2 19 3 8 16 52
8 2 19 4 8 16 61
8 2 19 5 8 16 54
8 2 20 1 8 16 46
8 2 20 2 8 16 66
8 2 21 1 8 16 46
8 2 21 2 8 16 37
8 2 21 3 8 16 52
8 2 21 4 8 16 68
8 2 21 5 8 16 50
8 2 22 1 8 16 24
8 2 22 2 8 16 39
8 2 22 3 8 16 26
8 2 22 4 8 16 31
8 2 22 5 8 16 35
8 2 25 1 8 16 20
8 2 25 2 8 16 25
8 2 25 3 8 16 21
8 2 25 4 8 16 25
8 2 25 5 8 16 33
8 2 26 1 8 16 22
8 2 26 2 8 16 23
8 2 26 3 8 16 33
8 2 26 4 8 16 34
8 2 26 5 8 16 29
8 2 27 1 8 16 33
8 2 27 2 8 16 28
8 2 27 3 8 16 33
8 2 27 4 8 16 39
8 2 27 5 8 16 41
9 1 2 1 9 17 68
9 1 2 2 9 17 71
9 1 2 3 9 17 78
9 1 3 1 9 17 53
9 1 3 2 9 17 59
9 1 4 1 9 17 96
9 1 4 2 9 17 41
9 1 4 3 9 17 63
9 1 4 4 9 17 92
9 1 7 1 9 17 68
9 1 9 1 9 17 53
9 1 9 2 9 17 48
9 1 9 3 9 17 76
9 1 9 4 9 17 71
9 1 10 1 9 17 57
9 1 10 2 9 17 51
9 1 10 3 9 17 56
9 1 10 4 9 17 66
9 1 10 5 9 17 59
9 1 11 1 9 17 65
9 1 11 2 9 17 52
9 1 12 1 9 17 105
9 1 12 2 9 17 69
9 1 12 3 9 17 96
9 1 12 4 9 17 71
9 1 13 1 9 17 76
9 1 13 2 9 17 86
9 1 13 3 9 17 105
9 1 14 1 9 17 51
9 1 14 2 9 17 85
9 1 15 1 9 17 72
9 1 15 2 9 17 51
9 1 15 3 9 17 44
9 1 16 1 9 17 58
9 1 16 2 9 17 76
9 1 19 1 9 17 91
9 1 19 2 9 17 51
9 1 19 3 9 17 36
9 1 19 4 9 17 50
9 1 19 5 9 17 46
9 1 20 1 9 17 62
9 1 20 2 9 17 51
9 1 20 3 9 17 65
9 1 21 1 9 17 42
9 1 21 2 9 17 53
9 1 21 3 9 17 74
9 1 21 4 9 17 47
9 1 21 5 9 17 51
9 1 22 1 9 17 21
9 1 22 2 9 17 34
9 1 22 3 9 17 38
9 1 22 4 9 17 35
9 1 22 5 9 17 29
9 1 25 1 9 17 28
9 1 25 2 9 17 22
9 1 25 3 9 17 32
9 1 25 4 9 17 28
9 1 25 5 9 17 25
9 1 26 1 9 17 30
9 1 26 2 9 17 31
9 1 26 3 9 17 30
9 1 26 4 9 17 30
9 1 26 5 9 17 30
9 1 27 1 9 17 27
9 1 27 2 9 17 29
9 1 27 3 9 17 30
9 1 27 4 9 17 24
9 1 27 5 9 17 31
9 2 2 1 9 18 78
9 2 2 2 9 18 41
9 2 2 3 9 18 65
9 2 3 1 9 18 57
9 2 3 2 9 18 45
9 2 4 1 9 18 57
9 2 4 2 9 18 91
9 2 4 3 9 18 42
9 2 4 4 9 18 69
9 2 7 1 9 18 79
9 2 7 2 9 18 72
9 2 7 3 9 18 81
9 2 9 1 9 18 71
9 2 10 1 9 18 81
9 2 10 2 9 18 55
9 2 10 3 9 18 71
9 2 10 4 9 18 59
9 2 11 1 9 18 56
9 2 11 2 9 18 56
9 2 12 1 9 18 65
9 2 12 2 9 18 82
9 2 12 3 9 18 62
9 2 12 4 9 18 51
9 2 13 1 9 18 58
9 2 13 2 9 18 61
9 2 13 3 9 18 71
9 2 14 1 9 18 55
9 2 15 1 9 18 79
9 2 16 1 9 18 54
9 2 16 2 9 18 115
9 2 19 1 9 18 57
9 2 19 2 9 18 49
9 2 19 3 9 18 51
9 2 19 4 9 18 44
9 2 19 5 9 18 51
9 2 20 1 9 18 72
9 2 20 2 9 18 62
9 2 20 3 9 18 61
9 2 20 4 9 18 49
9 2 21 1 9 18 45
9 2 21 2 9 18 52
9 2 21 3 9 18 53
9 2 21 4 9 18 38
9 2 21 5 9 18 42
9 2 22 1 9 18 30
9 2 22 2 9 18 26
9 2 22 3 9 18 36
9 2 22 4 9 18 20
9 2 22 5 9 18 23
9 2 25 1 9 18 28
9 2 25 2 9 18 20
9 2 25 3 9 18 21
9 2 25 4 9 18 19
9 2 25 5 9 18 37
9 2 26 1 9 18 35
9 2 26 2 9 18 29
9 2 26 3 9 18 30
9 2 26 4 9 18 33
9 2 26 5 9 18 27
9 2 27 1 9 18 32
9 2 27 2 9 18 31
9 2 27 3 9 18 35
9 2 27 4 9 18 33
9 2 27 5 9 18 32
10 1 2 1 10 19 62
10 1 3 1 10 19 46
10 1 3 2 10 19 41
10 1 4 1 10 19 74
10 1 4 2 10 19 85
10 1 7 1 10 19 58
10 1 7 2 10 19 74
10 1 8 1 10 19 48
10 1 9 1 10 19 60
10 1 9 2 10 19 56
10 1 9 3 10 19 70
10 1 10 1 10 19 64
10 1 10 2 10 19 101
10 1 10 3 10 19 68
10 1 11 1 10 19 65
10 1 11 2 10 19 66
10 1 11 3 10 19 76
10 1 12 1 10 19 67
10 1 12 2 10 19 80
10 1 12 3 10 19 66
10 1 12 4 10 19 63
10 1 13 1 10 19 63
10 1 13 2 10 19 90
10 1 13 3 10 19 63
10 1 13 4 10 19 70
10 1 13 5 10 19 78
10 1 14 1 10 19 88
10 1 14 2 10 19 52
10 1 15 1 10 19 81
10 1 15 2 10 19 59
10 1 15 3 10 19 71
10 1 16 1 10 19 82
10 1 16 2 10 19 74
10 1 16 3 10 19 54
10 1 16 4 10 19 70
10 1 19 1 10 19 87
10 1 19 2 10 19 86
10 1 19 3 10 19 66
10 1 19 4 10 19 54
10 1 19 5 10 19 53
10 1 20 1 10 19 47
10 1 20 2 10 19 55
10 1 20 3 10 19 66
10 1 20 4 10 19 52
10 1 21 1 10 19 35
10 1 21 2 10 19 46
10 1 21 3 10 19 31
10 1 21 4 10 19 36
10 1 21 5 10 19 48
10 1 22 1 10 19 17
10 1 22 2 10 19 35
10 1 22 3 10 19 27
10 1 22 4 10 19 32
10 1 22 5 10 19 29
10 1 25 1 10 19 31
10 1 25 2 10 19 30
10 1 25 3 10 19 39
10 1 25 4 10 19 26
10 1 25 5 10 19 27
10 1 26 1 10 19 22
10 1 26 2 10 19 38
10 1 26 3 10 19 38
10 1 26 4 10 19 36
10 1 26 5 10 19 37
10 1 27 1 10 19 35
10 1 27 2 10 19 29
10 1 27 3 10 19 29
10 1 27 4 10 19 36
10 1 27 5 10 19 31
10 2 2 1 10 20 67
10 2 2 2 10 20 62
10 2 2 3 10 20 36
10 2 2 4 10 20 59
10 2 2 5 10 20 77
10 2 3 1 10 20 12
10 2 3 2 10 20 57
10 2 4 1 10 20 28
10 2 4 2 10 20 81
10 2 7 1 10 20 45
10 2 7 2 10 20 45
10 2 7 3 10 20 46
10 2 8 1 10 20 51
10 2 9 1 10 20 64
10 2 9 2 10 20 47
10 2 9 3 10 20 45
10 2 9 4 10 20 71
10 2 10 1 10 20 82
10 2 10 2 10 20 67
10 2 10 3 10 20 65
10 2 10 4 10 20 51
10 2 11 1 10 20 61
10 2 11 2 10 20 72
10 2 11 3 10 20 71
10 2 11 4 10 20 63
10 2 12 1 10 20 59
10 2 12 2 10 20 41
10 2 13 1 10 20 61
10 2 13 2 10 20 47
10 2 13 3 10 20 64
10 2 13 4 10 20 77
10 2 13 5 10 20 61
10 2 14 1 10 20 73
10 2 15 1 10 20 59
10 2 16 1 10 20 84
10 2 16 2 10 20 63
10 2 16 3 10 20 69
10 2 16 4 10 20 76
10 2 19 1 10 20 51
10 2 19 2 10 20 47
10 2 19 3 10 20 56
10 2 20 1 10 20 51
10 2 20 2 10 20 41
10 2 20 3 10 20 54
10 2 20 4 10 20 41
10 2 21 1 10 20 31
10 2 21 2 10 20 40
10 2 21 3 10 20 50
10 2 21 4 10 20 42
10 2 21 5 10 20 43
10 2 22 1 10 20 38
10 2 22 2 10 20 19
10 2 22 3 10 20 22
10 2 22 4 10 20 30
10 2 22 5 10 20 20
10 2 25 1 10 20 26
10 2 25 2 10 20 32
10 2 25 3 10 20 29
10 2 25 4 10 20 32
10 2 25 5 10 20 22
10 2 26 1 10 20 21
10 2 26 2 10 20 27
10 2 26 3 10 20 27
10 2 26 4 10 20 29
10 2 26 5 10 20 32
10 2 27 1 10 20 27
10 2 27 2 10 20 35
10 2 27 3 10 20 24
10 2 27 4 10 20 21
10 2 27 5 10 20 23
11 1 2 1 11 21 128
11 1 2 2 11 21 107
11 1 2 3 11 21 128
11 1 2 4 11 21 146
11 1 4 1 11 21 108
11 1 4 2 11 21 129
11 1 4 3 11 21 123
11 1 7 1 11 21 126
11 1 7 2 11 21 108
11 1 7 3 11 21 107
11 1 7 4 11 21 101
11 1 9 1 11 21 95
11 1 9 2 11 21 113
11 1 9 3 11 21 102
11 1 10 1 11 21 88
11 1 11 1 11 21 126
11 1 11 2 11 21 117
11 1 11 3 11 21 122
11 1 11 4 11 21 85
11 1 11 5 11 21 96
11 1 12 1 11 21 100
11 1 12 2 11 21 74
11 1 12 3 11 21 102
11 1 13 1 11 21 91
11 1 13 2 11 21 93
11 1 13 3 11 21 107
11 1 13 4 11 21 88
11 1 14 1 11 21 95
11 1 14 2 11 21 83
11 1 15 1 11 21 66
11 1 15 2 11 21 69
11 1 15 3 11 21 78
11 1 15 4 11 21 56
11 1 16 1 11 21 84
11 1 16 2 11 21 81
11 1 16 3 11 21 101
11 1 19 1 11 21 102
11 1 19 2 11 21 86
11 1 19 3 11 21 111
11 1 19 4 11 21 94
11 1 19 5 11 21 91
11 1 20 1 11 21 92
11 1 21 1 11 21 61
11 1 21 2 11 21 65
11 1 21 3 11 21 79
11 1 21 4 11 21 74
11 1 21 5 11 21 93
11 1 22 1 11 21 87
11 1 22 2 11 21 39
11 1 22 3 11 21 54
11 1 22 4 11 21 54
11 1 22 5 11 21 56
11 1 25 1 11 21 69
11 1 25 2 11 21 61
11 1 25 3 11 21 89
11 1 25 4 11 21 72
11 1 25 5 11 21 76
11 1 26 1 11 21 64
11 1 26 2 11 21 58
11 1 26 3 11 21 63
11 1 26 4 11 21 53
11 1 26 5 11 21 57
11 1 27 1 11 21 53
11 1 27 2 11 21 53
11 1 27 3 11 21 63
11 1 27 4 11 21 64
11 1 27 5 11 21 71
11 2 2 1 11 22 127
11 2 2 2 11 22 132
11 2 2 3 11 22 138
11 2 3 1 11 22 100
11 2 3 2 11 22 104
11 2 3 3 11 22 116
11 2 4 1 11 22 103
11 2 4 2 11 22 121
11 2 4 3 11 22 136
11 2 7 1 11 22 130
11 2 7 2 11 22 114
11 2 9 1 11 22 112
11 2 9 2 11 22 101
11 2 10 1 11 22 116
11 2 10 2 11 22 81
11 2 10 3 11 22 81
11 2 10 4 11 22 96
11 2 11 1 11 22 107
11 2 11 2 11 22 99
11 2 11 3 11 22 89
11 2 12 1 11 22 96
11 2 12 2 11 22 49
11 2 12 3 11 22 76
11 2 13 1 11 22 128
11 2 13 2 11 22 93
11 2 13 3 11 22 117
11 2 13 4 11 22 119
11 2 14 1 11 22 89
11 2 14 2 11 22 81
11 2 15 1 11 22 88
11 2 15 2 11 22 77
11 2 16 1 11 22 92
11 2 19 1 11 22 133
11 2 19 2 11 22 93
11 2 19 3 11 22 88
11 2 20 1 11 22 80
11 2 20 2 11 22 76
11 2 20 3 11 22 81
11 2 20 4 11 22 96
11 2 21 1 11 22 63
11 2 21 2 11 22 84
11 2 21 3 11 22 83
11 2 21 4 11 22 83
11 2 21 5 11 22 82
11 2 22 1 11 22 82
11 2 22 2 11 22 82
11 2 22 3 11 22 56
11 2 22 4 11 22 53
11 2 22 5 11 22 52
11 2 25 1 11 22 62
11 2 25 2 11 22 62
11 2 25 3 11 22 64
11 2 25 4 11 22 62
11 2 25 5 11 22 63
11 2 26 1 11 22 56
11 2 26 2 11 22 58
11 2 26 3 11 22 54
11 2 26 4 11 22 70
11 2 26 5 11 22 61
11 2 27 1 11 22 56
11 2 27 2 11 22 70
11 2 27 3 11 22 60
11 2 27 4 11 22 66
11 2 27 5 11 22 64
12 1 2 1 12 23 122
12 1 2 2 12 23 97
12 1 2 3 12 23 123
12 1 2 4 12 23 116
12 1 3 1 12 23 112
12 1 4 1 12 23 90
12 1 4 2 12 23 136
12 1 4 3 12 23 170
12 1 4 4 12 23 131
12 1 7 1 12 23 111
12 1 7 2 12 23 106
12 1 7 3 12 23 92
12 1 9 1 12 23 98
12 1 9 2 12 23 93
12 1 10 1 12 23 101
12 1 10 2 12 23 118
12 1 10 3 12 23 108
12 1 10 4 12 23 86
12 1 11 1 12 23 118
12 1 11 2 12 23 121
12 1 11 3 12 23 103
12 1 11 4 12 23 99
12 1 11 5 12 23 97
12 1 12 1 12 23 111
12 1 12 2 12 23 82
12 1 12 3 12 23 85
12 1 12 4 12 23 81
12 1 13 1 12 23 125
12 1 13 2 12 23 133
12 1 13 3 12 23 103
12 1 13 4 12 23 126
12 1 13 5 12 23 107
12 1 14 1 12 23 91
12 1 15 1 12 23 114
12 1 15 2 12 23 81
12 1 16 1 12 23 78
12 1 16 2 12 23 98
12 1 16 3 12 23 102
12 1 19 1 12 23 101
12 1 19 2 12 23 97
12 1 19 3 12 23 81
12 1 19 4 12 23 102
12 1 19 5 12 23 96
12 1 20 1 12 23 84
12 1 20 2 12 23 76
12 1 20 3 12 23 68
12 1 20 4 12 23 81
12 1 21 1 12 23 71
12 1 21 2 12 23 61
12 1 21 3 12 23 76
12 1 21 4 12 23 79
12 1 21 5 12 23 88
12 1 22 1 12 23 82
12 1 22 2 12 23 59
12 1 22 3 12 23 53
12 1 22 4 12 23 46
12 1 22 5 12 23 48
12 1 25 1 12 23 51
12 1 25 2 12 23 49
12 1 25 3 12 23 52
12 1 25 4 12 23 57
12 1 25 5 12 23 56
12 1 26 1 12 23 72
12 1 26 2 12 23 60
12 1 26 3 12 23 65
12 1 26 4 12 23 60
12 1 26 5 12 23 62
12 1 27 1 12 23 58
12 1 27 2 12 23 59
12 1 27 3 12 23 60
12 1 27 4 12 23 57
12 1 27 5 12 23 58
12 2 2 1 12 24 129
12 2 2 2 12 24 128
12 2 2 3 12 24 139
12 2 2 4 12 24 137
12 2 3 1 12 24 104
12 2 3 2 12 24 104
12 2 4 1 12 24 161
12 2 7 1 12 24 91
12 2 7 2 12 24 68
12 2 8 1 12 24 88
12 2 8 2 12 24 98
12 2 9 1 12 24 106
12 2 9 2 12 24 91
12 2 9 3 12 24 104
12 2 10 1 12 24 111
12 2 10 2 12 24 106
12 2 10 3 12 24 70
12 2 11 1 12 24 96
12 2 11 2 12 24 96
12 2 11 3 12 24 101
12 2 11 4 12 24 102
12 2 12 1 12 24 101
12 2 12 2 12 24 106
12 2 12 3 12 24 96
12 2 12 4 12 24 106
12 2 13 1 12 24 96
12 2 13 2 12 24 106
12 2 13 3 12 24 96
12 2 13 4 12 24 99
12 2 14 1 12 24 141
12 2 15 1 12 24 111
12 2 15 2 12 24 80
12 2 16 1 12 24 100
12 2 16 2 12 24 80
12 2 16 3 12 24 91
12 2 16 4 12 24 83
12 2 19 1 12 24 106
12 2 19 2 12 24 90
12 2 19 3 12 24 94
12 2 19 4 12 24 93
12 2 19 5 12 24 80
12 2 20 1 12 24 88
12 2 20 2 12 24 74
12 2 20 3 12 24 76
12 2 20 4 12 24 84
12 2 20 5 12 24 86
12 2 21 1 12 24 66
12 2 21 2 12 24 72
12 2 21 3 12 24 59
12 2 21 4 12 24 72
12 2 21 5 12 24 78
12 2 22 1 12 24 55
12 2 22 2 12 24 59
12 2 22 3 12 24 54
12 2 22 4 12 24 53
12 2 22 5 12 24 54
12 2 25 1 12 24 65
12 2 25 2 12 24 65
12 2 25 3 12 24 49
12 2 25 4 12 24 52
12 2 25 5 12 24 47
12 2 26 1 12 24 51
12 2 26 2 12 24 74
12 2 26 3 12 24 53
12 2 26 4 12 24 67
12 2 26 5 12 24 62
12 2 27 1 12 24 43
12 2 27 2 12 24 54
12 2 27 3 12 24 54
12 2 27 4 12 24 52
12 2 27 5 12 24 55
13 1 2 1 13 25 78
13 1 2 2 13 25 76
13 1 2 3 13 25 108
13 1 2 4 13 25 95
13 1 2 5 13 25 124
13 1 3 1 13 25 92
13 1 4 1 13 25 79
13 1 4 2 13 25 87
13 1 4 3 13 25 90
13 1 7 1 13 25 104
13 1 7 2 13 25 121
13 1 8 1 13 25 63
13 1 9 1 13 25 85
13 1 9 2 13 25 59
13 1 10 1 13 25 64
13 1 10 2 13 25 84
13 1 10 3 13 25 69
13 1 10 4 13 25 71
13 1 11 1 13 25 60
13 1 11 2 13 25 76
13 1 11 3 13 25 70
13 1 11 4 13 25 81
13 1 11 5 13 25 83
13 1 12 1 13 25 80
13 1 12 2 13 25 69
13 1 12 3 13 25 66
13 1 12 4 13 25 61
13 1 13 1 13 25 79
13 1 13 2 13 25 77
13 1 13 3 13 25 73
13 1 13 4 13 25 71
13 1 13 5 13 25 103
13 1 14 1 13 25 77
13 1 14 2 13 25 87
13 1 15 1 13 25 61
13 1 15 2 13 25 59
13 1 16 1 13 25 95
13 1 16 2 13 25 88
13 1 16 3 13 25 53
13 1 16 4 13 25 71
13 1 16 5 13 25 73
13 1 19 1 13 25 81
13 1 19 2 13 25 71
13 1 19 3 13 25 73
13 1 19 4 13 25 84
13 1 19 5 13 25 81
13 1 20 1 13 25 61
13 1 20 2 13 25 51
13 1 20 3 13 25 72
13 1 21 1 13 25 53
13 1 21 2 13 25 61
13 1 21 3 13 25 61
13 1 21 4 13 25 48
13 1 21 5 13 25 54
13 1 22 1 13 25 45
13 1 22 2 13 25 52
13 1 22 3 13 25 52
13 1 22 4 13 25 51
13 1 22 5 13 25 46
13 1 25 1 13 25 54
13 1 25 2 13 25 55
13 1 25 3 13 25 39
13 1 25 4 13 25 45
13 1 25 5 13 25 42
13 1 26 1 13 25 42
13 1 26 2 13 25 53
13 1 26 3 13 25 36
13 1 26 4 13 25 38
13 1 26 5 13 25 32
13 1 27 1 13 25 39
13 1 27 2 13 25 40
13 1 27 3 13 25 43
13 2 2 1 13 26 97
13 2 2 2 13 26 112
13 2 3 1 13 26 79
13 2 3 2 13 26 58
13 2 3 3 13 26 76
13 2 4 1 13 26 78
13 2 4 2 13 26 104
13 2 7 1 13 26 96
13 2 7 2 13 26 85
13 2 7 3 13 26 105
13 2 7 4 13 26 78
13 2 7 5 13 26 80
13 2 9 1 13 26 70
13 2 9 2 13 26 91
13 2 9 3 13 26 81
13 2 10 1 13 26 63
13 2 10 2 13 26 76
13 2 10 3 13 26 56
13 2 11 1 13 26 71
13 2 11 2 13 26 91
13 2 11 3 13 26 41
13 2 11 4 13 26 73
13 2 11 5 13 26 81
13 2 12 1 13 26 66
13 2 12 2 13 26 84
13 2 13 1 13 26 79
13 2 13 2 13 26 81
13 2 13 3 13 26 84
13 2 13 4 13 26 93
13 2 14 1 13 26 61
13 2 14 2 13 26 91
13 2 15 1 13 26 85
13 2 15 2 13 26 64
13 2 16 1 13 26 78
13 2 16 2 13 26 65
13 2 16 3 13 26 66
13 2 19 1 13 26 76
13 2 19 2 13 26 81
13 2 19 3 13 26 70
13 2 19 4 13 26 66
13 2 19 5 13 26 75
13 2 20 1 13 26 53
13 2 20 2 13 26 60
13 2 20 3 13 26 50
13 2 20 4 13 26 56
13 2 21 1 13 26 42
13 2 21 2 13 26 64
13 2 21 3 13 26 50
13 2 21 4 13 26 60
13 2 21 5 13 26 59
13 2 22 1 13 26 40
13 2 22 2 13 26 40
13 2 22 3 13 26 38
13 2 22 4 13 26 38
13 2 22 5 13 26 39
13 2 25 1 13 26 41
13 2 25 2 13 26 53
13 2 25 3 13 26 40
13 2 25 4 13 26 39
13 2 25 5 13 26 45
13 2 26 1 13 26 80
13 2 26 2 13 26 47
13 2 26 3 13 26 68
13 2 26 4 13 26 67
13 2 26 5 13 26 64
13 2 27 1 13 26 41
13 2 27 2 13 26 51
13 2 27 3 13 26 42
13 2 27 4 13 26 59
13 2 27 5 13 26 68
14 1 2 1 14 27 79
14 1 2 2 14 27 117
14 1 3 1 14 27 54
14 1 3 2 14 27 47
14 1 3 3 14 27 79
14 1 3 4 14 27 39
14 1 3 5 14 27 73
14 1 7 1 14 27 50
14 1 7 2 14 27 60
14 1 8 1 14 27 66
14 1 9 1 14 27 46
14 1 9 2 14 27 91
14 1 10 1 14 27 69
14 1 10 2 14 27 56
14 1 10 3 14 27 61
14 1 11 1 14 27 61
14 1 11 2 14 27 61
14 1 11 3 14 27 59
14 1 12 1 14 27 66
14 1 12 2 14 27 86
14 1 12 3 14 27 48
14 1 13 1 14 27 49
14 1 13 2 14 27 63
14 1 13 3 14 27 71
14 1 13 4 14 27 62
14 1 13 5 14 27 71
14 1 14 1 14 27 61
14 1 14 2 14 27 61
14 1 16 1 14 27 56
14 1 16 2 14 27 52
14 1 19 1 14 27 71
14 1 19 2 14 27 37
14 1 19 3 14 27 40
14 1 20 1 14 27 51
14 1 20 2 14 27 41
14 1 20 3 14 27 28
14 1 20 4 14 27 48
14 1 21 1 14 27 71
14 1 21 2 14 27 65
14 1 21 3 14 27 93
14 1 21 4 14 27 71
14 1 21 5 14 27 74
14 1 22 1 14 27 70
14 1 22 2 14 27 61
14 1 22 3 14 27 63
14 1 22 4 14 27 60
14 1 22 5 14 27 81
14 1 25 1 14 27 80
14 1 25 2 14 27 60
14 1 25 3 14 27 63
14 1 25 4 14 27 51
14 1 25 5 14 27 63
14 1 26 1 14 27 59
14 1 26 2 14 27 69
14 1 26 3 14 27 69
14 1 26 4 14 27 62
14 1 26 5 14 27 57
14 1 27 1 14 27 66
14 1 27 2 14 27 65
14 1 27 3 14 27 57
14 1 27 4 14 27 59
14 1 27 5 14 27 57
14 2 2 1 14 28 59
14 2 2 2 14 28 72
14 2 4 1 14 28 76
14 2 4 2 14 28 77
14 2 4 3 14 28 77
14 2 7 1 14 28 61
14 2 7 2 14 28 67
14 2 9 1 14 28 58
14 2 9 2 14 28 51
14 2 9 3 14 28 41
14 2 10 1 14 28 75
14 2 10 2 14 28 56
14 2 11 1 14 28 72
14 2 11 2 14 28 46
14 2 11 3 14 28 56
14 2 11 4 14 28 56
14 2 11 5 14 28 51
14 2 12 1 14 28 56
14 2 12 2 14 28 41
14 2 12 3 14 28 41
14 2 13 1 14 28 54
14 2 13 2 14 28 56
14 2 13 3 14 28 56
14 2 13 4 14 28 76
14 2 14 1 14 28 121
14 2 14 2 14 28 91
14 2 14 3 14 28 68
14 2 15 1 14 28 66
14 2 15 2 14 28 81
14 2 16 1 14 28 57
14 2 16 2 14 28 73
14 2 16 3 14 28 41
14 2 16 4 14 28 67
14 2 19 1 14 28 52
14 2 19 2 14 28 47
14 2 19 3 14 28 50
14 2 19 4 14 28 46
14 2 19 5 14 28 41
14 2 20 1 14 28 58
14 2 20 2 14 28 38
14 2 21 1 14 28 52
14 2 21 2 14 28 123
14 2 21 3 14 28 84
14 2 21 4 14 28 78
14 2 21 5 14 28 80
14 2 22 1 14 28 67
14 2 22 2 14 28 68
14 2 22 3 14 28 80
14 2 22 4 14 28 68
14 2 22 5 14 28 94
14 2 25 1 14 28 113
14 2 25 2 14 28 111
14 2 25 3 14 28 59
14 2 25 4 14 28 76
14 2 25 5 14 28 60
14 2 26 1 14 28 69
14 2 26 2 14 28 64
14 2 26 3 14 28 62
14 2 26 4 14 28 57
14 2 26 5 14 28 62
14 2 27 1 14 28 54
14 2 27 2 14 28 52
14 2 27 3 14 28 56
14 2 27 4 14 28 55
14 2 27 5 14 28 58
